      0.0000     10.0000      0.0000
      0.0157      9.9556      0.6274
      0.0314      9.8229      1.2492
      0.0471      9.6029      1.8599
      0.0628      9.2978      2.4542
      0.0785      8.9101      3.0266
      0.0942      8.4433      3.5722
      0.1100      7.9016      4.0860
      0.1257      7.2897      4.5636
      0.1414      6.6131      5.0007
      0.1571      5.8779      5.3934
      0.1728      5.0904      5.7383
      0.1885      4.2578      6.0322
      0.2042      3.3874      6.2725
      0.2199      2.4869      6.4572
      0.2356      1.5644      6.5846
      0.2513      0.6279      6.6535
      0.2670     -0.3141      6.6634
      0.2827     -1.2533      6.6141
      0.2985     -2.1814      6.5061
      0.3142     -3.0902      6.3404
      0.3299     -3.9715      6.1184
      0.3456     -4.8175      5.8420
      0.3613     -5.6208      5.5139
      0.3770     -6.3742      5.1368
      0.3927     -7.0711      4.7141
      0.4084     -7.7051      4.2495
      0.4241     -8.2708      3.7472
      0.4398     -8.7631      3.2117
      0.4555     -9.1775      2.6477
      0.4712     -9.5106      2.0601
      0.4869     -9.7592      1.4543
      0.5027     -9.9211      0.8356
      0.5184     -9.9951      0.2094
      0.5341     -9.9803     -0.4186
      0.5498     -9.8769     -1.0429
      0.5655     -9.6858     -1.6579
      0.5812     -9.4088     -2.2582
      0.5969     -9.0483     -2.8385
      0.6126     -8.6074     -3.3936
      0.6283     -8.0902     -3.9186
      0.6440     -7.5011     -4.4087
      0.6597     -6.8455     -4.8598
      0.6754     -6.1291     -5.2677
      0.6912     -5.3583     -5.6288
      0.7069     -4.5399     -5.9400
      0.7226     -3.6813     -6.1985
      0.7383     -2.7899     -6.4020
      0.7540     -1.8738     -6.5486
      0.7697     -0.9411     -6.6371
      0.7854     -0.0000     -6.6667
      0.8011      0.9411     -6.6371
      0.8168      1.8738     -6.5486
      0.8325      2.7899     -6.4020
      0.8482      3.6812     -6.1985
      0.8639      4.5399     -5.9401
      0.8796      5.3582     -5.6289
      0.8954      6.1290     -5.2677
      0.9111      6.8454     -4.8598
      0.9268      7.5011     -4.4088
      0.9425      8.0901     -3.9186
      0.9582      8.6074     -3.3936
      0.9739      9.0483     -2.8386
      0.9896      9.4088     -2.2583
      1.0053      9.6858     -1.6580
      1.0210      9.8769     -1.0429
      1.0367      9.9803     -0.4186
      1.0524      9.9951      0.2094
      1.0681      9.9211      0.8355
      1.0838      9.7592      1.4543
      1.0996      9.5106      2.0601
      1.1153      9.1776      2.6476
      1.1310      8.7631      3.2117
      1.1467      8.2708      3.7472
      1.1624      7.7052      4.2495
      1.1781      7.0711      4.7140
      1.1938      6.3743      5.1367
      1.2095      5.6209      5.5139
      1.2252      4.8176      5.8420
      1.2409      3.9715      6.1183
      1.2566      3.0902      6.3404
      1.2723      2.1815      6.5061
      1.2881      1.2534      6.6141
      1.3038      0.3142      6.6634
      1.3195     -0.6279      6.6535
      1.3352     -1.5643      6.5846
      1.3509     -2.4868      6.4572
      1.3666     -3.3873      6.2725
      1.3823     -4.2577      6.0322
      1.3980     -5.0904      5.7383
      1.4137     -5.8778      5.3935
      1.4294     -6.6131      5.0008
      1.4451     -7.2896      4.5637
      1.4608     -7.9015      4.0861
      1.4765     -8.4432      3.5722
      1.4923     -8.9100      3.0266
      1.5080     -9.2977      2.4542
      1.5237     -9.6029      1.8600
      1.5394     -9.8229      1.2492
      1.5551     -9.9556      0.6274
      1.5708    -10.0000      0.0000
      1.5865     -9.9556     -0.6273
      1.6022     -9.8229     -1.2492
      1.6179     -9.6029     -1.8599
      1.6336     -9.2978     -2.4541
      1.6493     -8.9101     -3.0266
      1.6650     -8.4433     -3.5721
      1.6808     -7.9016     -4.0860
      1.6965     -7.2897     -4.5636
      1.7122     -6.6132     -5.0007
      1.7279     -5.8779     -5.3934
      1.7436     -5.0905     -5.7383
      1.7593     -4.2579     -6.0322
      1.7750     -3.3874     -6.2725
      1.7907     -2.4870     -6.4572
      1.8064     -1.5644     -6.5846
      1.8221     -0.6280     -6.6535
      1.8378      0.3140     -6.6634
      1.8535      1.2533     -6.6141
      1.8692      2.1814     -6.5061
      1.8850      3.0901     -6.3404
      1.9007      3.9714     -6.1184
      1.9164      4.8175     -5.8421
      1.9321      5.6208     -5.5139
      1.9478      6.3742     -5.1368
      1.9635      7.0710     -4.7141
      1.9792      7.7051     -4.2495
      1.9949      8.2708     -3.7473
      2.0106      8.7630     -3.2117
      2.0263      9.1775     -2.6477
      2.0420      9.5105     -2.0602
      2.0577      9.7591     -1.4543
      2.0735      9.9211     -0.8356
      2.0892      9.9951     -0.2095
      2.1049      9.9803      0.4185
      2.1206      9.8769      1.0428
      2.1363      9.6858      1.6579
      2.1520      9.4088      2.2582
      2.1677      9.0483      2.8385
      2.1834      8.6075      3.3936
      2.1991      8.0902      3.9185
      2.2148      7.5012      4.4087
      2.2305      6.8455      4.8597
      2.2462      6.1291      5.2677
      2.2619      5.3583      5.6288
      2.2777      4.5400      5.9400
      2.2934      3.6813      6.1985
      2.3091      2.7900      6.4019
      2.3248      1.8739      6.5486
      2.3405      0.9412      6.6371
      2.3562      0.0001      6.6667
      2.3719     -0.9410      6.6371
      2.3876     -1.8737      6.5486
      2.4033     -2.7898      6.4020
      2.4190     -3.6812      6.1985
      2.4347     -4.5398      5.9401
      2.4504     -5.3582      5.6289
      2.4662     -6.1290      5.2677
      2.4819     -6.8454      4.8598
      2.4976     -7.5010      4.4088
      2.5133     -8.0901      3.9186
      2.5290     -8.6074      3.3937
      2.5447     -9.0482      2.8386
      2.5604     -9.4088      2.2583
      2.5761     -9.6858      1.6580
      2.5918     -9.8769      1.0430
      2.6075     -9.9803      0.4187
      2.6232     -9.9951     -0.2093
      2.6389     -9.9212     -0.8355
      2.6546     -9.7592     -1.4542
      2.6704     -9.5106     -2.0600
      2.6861     -9.1776     -2.6476
      2.7018     -8.7631     -3.2116
      2.7175     -8.2709     -3.7472
      2.7332     -7.7052     -4.2494
      2.7489     -7.0711     -4.7140
      2.7646     -6.3743     -5.1367
      2.7803     -5.6209     -5.5138
      2.7960     -4.8176     -5.8420
      2.8117     -3.9716     -6.1183
      2.8274     -3.0903     -6.3403
      2.8431     -2.1815     -6.5061
      2.8588     -1.2534     -6.6141
      2.8746     -0.3142     -6.6634
      2.8903      0.6278     -6.6535
      2.9060      1.5642     -6.5846
      2.9217      2.4868     -6.4572
      2.9374      3.3873     -6.2726
      2.9531      4.2577     -6.0322
      2.9688      5.0903     -5.7383
      2.9845      5.8778     -5.3935
      3.0002      6.6130     -5.0008
      3.0159      7.2896     -4.5637
      3.0316      7.9015     -4.0861
      3.0473      8.4432     -3.5722
      3.0631      8.9100     -3.0267
      3.0788      9.2977     -2.4542
      3.0945      9.6029     -1.8600
      3.1102      9.8228     -1.2493
      3.1259      9.9556     -0.6275
      3.1416     10.0000     -0.0001
